========== weights/arctic/76.pth ==========

aae                            : 10.474812997850721
mpjpe/ra/h                     : 49.8699822847535
mrrpe/r/l                      : 133.01651186662562
mrrpe/r/o                      : 167.38490446167762
success_rate/0.05              : 17.49517364679126
cdev/ho                        : 159.41949014102713


