========== weights/arctic/76.pth ==========

aae                            : 10.474812997850721
mpjpe/ra/h                     : 49.8699822847535
mrrpe/r/l                      : 133.01651186662562
mrrpe/r/o                      : 167.38490446167762
success_rate/0.05              : 17.49517364679126
cdev/ho                        : 159.41949014102713


========== weights/arctic/76.pth ==========

aae                            : 10.470895383093092
mpjpe/ra/h                     : 49.803346543085006
mrrpe/r/l                      : 132.67230890667628
mrrpe/r/o                      : 167.65135313972596
success_rate/0.05              : 17.60492748363967
cdev/ho                        : 160.2685311938089


